1.064894643452118927e-02
2.047277762985655336e-02
1.688988084416243041e-02
1.625734026453717895e-02
1.092313550748991169e-02
2.221170082565770976e-02
1.557988655338449213e-02
1.475851411420547876e-02
1.546526140826065543e-02
2.664663531144073616e-02
2.296833094209782544e-02
3.424166515931159616e-02
2.128756577789614468e-02
3.033071170576806530e-02
3.920962875115385771e-02
1.582777299532800441e-02
1.533093110113870061e-02
3.361273834855027509e-02
1.843332116699758494e-02
2.286165675778017992e-02
2.239270394702952416e-02
2.305778368085609209e-02
1.736545819190649098e-02
5.893681835820929749e-02
4.087159101305637421e-02
1.536770059776659814e-02
2.014442414795492020e-02
2.470693427239889495e-02
3.501681119379140839e-02
2.200295420317321948e-02
1.806570766831439023e-02
2.232344442266298579e-02
3.652222211049105383e-02
1.496937823216026864e-02
1.300100601636189346e-02
1.598760922366815329e-02
3.640386207259527218e-02
2.591259499349951589e-02
2.560083314756078643e-02
1.733379612558794136e-02
1.102974131196732266e-02
2.291866131411812724e-02
2.763346185341197803e-02
2.750367211951321167e-02
1.068207891315364755e-02
1.732429797449475117e-02
1.443376885969893664e-02
2.801616717925803357e-02
2.470315444290460682e-02
2.941571371691464876e-02
3.753257219772820896e-02
1.557877219931613766e-02
3.859972805504474636e-02
2.541955933593320616e-02
3.829467498264871317e-02
1.740770678781489167e-02
1.922285600429152197e-02
1.899266514576747333e-02
2.787569424824209996e-02
2.303403684314719868e-02
3.096313856936605546e-02
3.458076700988454988e-02
3.907746229839359486e-02
3.548665626132962991e-02
2.118846988569722534e-02
1.668328908274907540e-02
2.532517551120339050e-02
7.483156987880290600e-02
5.611222363438450600e-02
2.527087027661800711e-02
3.430911853342766271e-02
3.648741225980511871e-02
3.593740776715215191e-02
1.104719061149728176e-02
3.493716321460427210e-02
2.502302286005364529e-02
2.211607050256514384e-02
2.444923421707922984e-02
2.730268828452908636e-02
1.154363215096654294e-02
2.088009753106945254e-02
3.245380862825264501e-02
1.667686574446247683e-02
1.724427293901675817e-02
1.560255343063587929e-02
2.721517069472789707e-02
1.177727020940744218e-02
1.271594214559312874e-02
2.710572524518650717e-02
1.624015989787075398e-02
1.515959653463072598e-02
1.498227527851181407e-02
2.809426916299262444e-02
3.435931952878634732e-02
4.602919043549591471e-02
5.682453199417469847e-02
3.536592502043212072e-02
7.659089851560296758e-02
1.667269776001689685e-02
2.284091793362930112e-02
2.049946570417771063e-02
4.040002752438631717e-02
2.732828990558378024e-02
2.750646206754692180e-02
1.695801179230493894e-02
2.774685520127984084e-02
1.123117203713408507e-02
1.389835969665154103e-02
3.452882532042367281e-02
2.437532120176788553e-02
7.220076820707355125e-02
6.950661858201989673e-02
2.352380158481004457e-02
2.084630220910121956e-02
3.262711570906651204e-02
2.136023587249158417e-02
3.287706375811105808e-02
3.252431958964607794e-02
3.291572145090504442e-02
4.341170048108389246e-02
7.016339446150743342e-02
2.291730944447856189e-02
5.041070430460670160e-02
4.298501824676370653e-02
2.260707025227048916e-02
1.739007240351453376e-02
1.981514785490356978e-02
3.285189338700367223e-02
2.238599324977319505e-02
2.410602841717013334e-02
2.818198353594136840e-02
3.611946859698167422e-02
3.712337619733285798e-02
2.344301662692749311e-02
6.181943794170696727e-02
5.909791995166413514e-02
7.201913677975246841e-02
3.169267038615841692e-02
5.304839726457899474e-02
3.057824628169281134e-02
2.415981313461190716e-02
1.511133384766805143e-02
3.297577885976799017e-02
2.407327006159309946e-02
3.615142394182568886e-02
3.162864541195808954e-02
1.824230524808601039e-02
6.384988979276995380e-02
2.022467565635532871e-02
2.217012784619054599e-02
3.345494980581342759e-02
2.274328326485619556e-02
1.605332196835607128e-02
2.008722739221213693e-02
2.725229312534516168e-02
2.757245153080889466e-02
5.277115787110275846e-02
1.542569777238655959e-02
2.446382966164439843e-02
1.825608963194347290e-02
2.254276884717465457e-02
3.073285357753463565e-02
2.895522238420111805e-02
6.407807170083712478e-02
4.282177369824990976e-02
3.500031548874549259e-02
1.728968806020536597e-02
3.908304941515927666e-02
2.877731248417880749e-02
2.348730351023076146e-02
3.332494372397243332e-02
